%YAML:1.0
svm: [ 2.94349998e-01, -9.87960026e-02, -1.29521996e-01, 7.87530020e-02,
    3.87526989e-01, 2.61528999e-01, 1.45939007e-01, 6.15199991e-02,
    3.28698993e-01, 2.27147996e-01, -6.64670020e-02, -8.67229998e-02,
    4.75590006e-02, 1.06714003e-01, 3.78969982e-02, 1.11460999e-01,
    -2.44059991e-02, 3.04769009e-01, 2.54676014e-01, -6.92349970e-02,
    8.25660005e-02, 1.47259995e-01, 3.26968998e-01, 1.48888007e-01,
    5.52700013e-02, -8.79850015e-02, 2.61720002e-01, 1.43442005e-01,
    2.68120002e-02, 2.38212004e-01, 1.94020003e-01, 5.63409999e-02,
    -2.58540008e-02, -3.44440006e-02, -1.56630993e-01, 2.05173999e-01,
    8.90080035e-02, -1.39810994e-01, -1.00147001e-01, -3.78299989e-02,
    -2.92300005e-02, -5.56409992e-02, 3.32479998e-02, -1.65119991e-02,
    1.55243993e-01, 2.47315004e-01, -1.24693997e-01, -4.84139994e-02,
    -6.22190014e-02, 1.93682998e-01, 4.57399990e-03, 5.50890006e-02,
    9.35650021e-02, 1.67712003e-01, 1.67581007e-01, 1.88950002e-02,
    2.15258002e-01, 1.22608997e-01, 9.05200019e-02, -6.72189966e-02,
    -4.90290001e-02, -9.96150002e-02, 2.41804004e-01, -9.48930010e-02,
    -1.76247999e-01, 1.72700000e-03, -1.34472996e-01, 1.04442000e-01,
    5.09420000e-02, 8.11650008e-02, 7.21559972e-02, 1.21646002e-01,
    2.65599997e-03, -2.97973990e-01, -1.33587003e-01, -6.01209998e-02,
    -9.25149992e-02, -4.89739999e-02, -8.47539976e-02, -1.80111006e-01,
    -3.85899991e-02, 8.62829983e-02, -1.34636000e-01, -1.07248999e-01,
    1.32890001e-01, 1.41555995e-01, 2.49424994e-01, 1.30272999e-01,
    -3.00309993e-02, 7.32119977e-02, -8.15500040e-03, 1.99309997e-02,
    7.16879964e-02, 3.00000014e-04, -1.95250008e-02, -2.17250008e-02,
    -4.09930013e-02, -8.68410021e-02, 7.01240003e-02, 2.40033001e-01,
    2.65350014e-01, 4.32079993e-02, 1.66754007e-01, 9.14530009e-02,
    6.09159991e-02, -3.69720012e-02, -9.10430029e-02, 7.98730031e-02,
    2.19780996e-01, 1.58102006e-01, -1.40617996e-01, -4.30160016e-02,
    1.24802001e-01, 9.36679989e-02, 1.03207998e-01, 9.48719978e-02,
    8.05409998e-02, 1.37711003e-01, 1.60566002e-01, -1.69230998e-01,
    1.39830001e-02, 3.09507996e-01, -4.21700021e-03, -5.71999997e-02,
    -6.44889995e-02, 1.40659995e-02, 3.61009002e-01, 2.51327991e-01,
    -8.09829980e-02, -4.41830009e-02, 6.14360012e-02, -3.73810008e-02,
    -7.87860006e-02, 3.09929997e-02, 6.63139969e-02, 3.76829989e-02,
    1.52325004e-01, -9.16830003e-02, 7.02029988e-02, 2.17856005e-01,
    3.64350006e-02, -7.64620006e-02, 6.25400012e-03, -9.44309980e-02,
    1.54828995e-01, -2.30379999e-02, -1.96961001e-01, -2.45939996e-02,
    1.78464994e-01, -5.01389988e-02, -4.59319986e-02, -9.65000014e-04,
    1.09112002e-01, 4.61650006e-02, -1.59373000e-01, -8.71300045e-03,
    4.13069986e-02, 9.71290022e-02, -5.72110005e-02, -6.45989999e-02,
    7.71650001e-02, 1.76166996e-01, 1.38321996e-01, 6.57529980e-02,
    -1.04950003e-01, 1.79329999e-02, 1.36254996e-01, -1.15980003e-02,
    4.70069982e-02, 8.05500001e-02, 6.86189979e-02, 8.46609995e-02,
    -3.54930013e-02, -9.13140029e-02, -4.14110012e-02, 6.09709993e-02,
    -1.01911999e-01, -7.98700005e-02, -8.59770030e-02, -2.26860009e-02,
    7.97879994e-02, -9.80639979e-02, -5.46029992e-02, 4.03829999e-02,
    3.00794005e-01, 1.28602996e-01, 9.48439986e-02, 4.74070013e-02,
    1.01824999e-01, 6.18319996e-02, -1.62159994e-01, -2.04552993e-01,
    -3.51650007e-02, 1.01450004e-01, -1.66410003e-02, -2.71400008e-02,
    -1.34391993e-01, -8.74300022e-03, 1.02330998e-01, 1.14853002e-01,
    9.64399986e-03, 6.28229976e-02, 2.37339005e-01, 1.67842999e-01,
    5.30660003e-02, -1.25920000e-02, 4.31579985e-02, 2.30500009e-03,
    6.50010034e-02, -3.89290005e-02, -2.03559995e-02, 1.52343005e-01,
    4.34690006e-02, -2.99670007e-02, -4.29480001e-02, 3.24809998e-02,
    6.84880018e-02, -1.10840000e-01, -1.11083001e-01, 1.11979999e-01,
    -2.07199994e-03, -5.56199998e-03, 8.29259977e-02, 6.63500000e-03,
    -1.08153000e-01, 2.42420007e-02, -8.64640027e-02, -1.89884007e-01,
    -1.74920000e-02, 1.91456005e-01, -7.68300006e-03, -1.28768995e-01,
    -3.80170010e-02, -1.32379994e-01, 9.19260010e-02, 7.96959996e-02,
    -1.06728002e-01, -7.65600009e-03, 1.72744006e-01, 1.15759997e-02,
    9.88299958e-03, 8.32580030e-02, -2.65159998e-02, 1.45533994e-01,
    1.53924003e-01, -1.30290002e-01, -1.08944997e-01, 1.24490000e-01,
    -3.18600005e-03, -1.00484997e-01, 1.50239998e-02, -6.05119988e-02,
    2.62880009e-02, -8.67130011e-02, -1.69011995e-01, 7.65170008e-02,
    2.15777993e-01, 4.37010005e-02, -1.31641999e-01, -1.25850001e-02,
    -4.51809987e-02, -1.18183002e-01, -2.41543993e-01, -1.67292997e-01,
    -2.01069992e-02, -1.99170001e-02, -1.01827003e-01, -1.07096002e-01,
    -1.05029996e-02, 4.49380018e-02, 1.89679995e-01, 2.17118993e-01,
    -4.60859984e-02, 4.45079990e-02, 1.99716002e-01, -3.60039994e-02,
    -1.48927003e-01, 1.33549999e-02, -7.82790035e-02, 3.04509997e-02,
    5.63010015e-02, -2.46089995e-02, 8.32239985e-02, 9.95329991e-02,
    -3.94320004e-02, -1.38880000e-01, 5.48199983e-03, -2.41199993e-02,
    -1.40468001e-01, -6.63810000e-02, -1.70569997e-02, 9.25999973e-03,
    -5.80039993e-02, -2.84860004e-02, -6.16099983e-02, 7.48299994e-03,
    -1.58308998e-01, -1.50686994e-01, -4.45949994e-02, -1.05121002e-01,
    -4.57630008e-02, -6.61800010e-03, -2.44190004e-02, -1.17712997e-01,
    -1.19365998e-01, -1.75941005e-01, -7.15420023e-02, 1.19027004e-01,
    1.11362003e-01, 4.30799983e-02, 3.48890014e-02, 9.30029973e-02,
    7.84199964e-03, 5.73679991e-02, -1.08833998e-01, -7.99679980e-02,
    2.30958998e-01, 2.02050004e-02, 1.14700003e-02, 9.88769978e-02,
    1.01310000e-01, -3.02150007e-02, -1.80179998e-02, -5.95519990e-02,
    -1.06156997e-01, 2.18659993e-02, -3.64710018e-02, 8.00509974e-02,
    4.11650017e-02, -8.21010023e-02, 1.17725998e-01, 3.09609994e-02,
    -5.47630005e-02, -8.41019973e-02, -1.85778007e-01, -6.13050014e-02,
    -3.80889997e-02, -1.10728003e-01, -2.64010012e-01, 7.66749978e-02,
    -7.71109983e-02, -1.37643993e-01, 3.62319984e-02, 2.77994990e-01,
    1.91159993e-02, 1.07738003e-01, 1.44003004e-01, 8.03039968e-02,
    2.15036005e-01, 2.28897005e-01, 7.27130026e-02, 7.77729973e-02,
    1.20168000e-01, 7.53239989e-02, 6.27299994e-02, 1.22478001e-01,
    -4.90080006e-02, 1.64912000e-01, 1.62450001e-01, 4.12460007e-02,
    9.89099964e-03, -9.78270024e-02, -3.86999995e-02, -2.30269991e-02,
    -1.20020002e-01, 2.03364000e-01, 2.48474002e-01, 1.49810001e-01,
    -3.62760015e-02, -8.28140005e-02, -9.03429985e-02, -2.71429997e-02,
    -7.56890029e-02, -3.20309997e-01, -5.00000024e-04, -1.43334001e-01,
    -6.50769994e-02, -1.86936006e-01, 1.29372001e-01, 1.16430998e-01,
    1.81698993e-01, 1.70435995e-01, 4.18853998e-01, 4.60045010e-01,
    3.33718985e-01, 2.30515003e-01, 4.78219986e-02, -4.49539982e-02,
    -6.80859983e-02, 1.40178993e-01, -4.48210016e-02, 8.55500028e-02,
    9.24829990e-02, -1.07295997e-01, -1.30669996e-01, -2.06628993e-01,
    1.14601001e-01, -3.17869008e-01, -7.66630024e-02, 3.86799984e-02,
    2.12752998e-01, -1.60590000e-02, -1.26525998e-01, -1.63601995e-01,
    2.10153997e-01, 9.98869985e-02, -1.26366004e-01, 1.18453003e-01,
    1.93089992e-02, -2.16109995e-02, -9.64990035e-02, -1.11809000e-01,
    -2.00488999e-01, 1.42854005e-01, 2.28839993e-01, -3.53345990e-01,
    -1.79150999e-01, 1.16834000e-01, 2.52389014e-01, -3.17279994e-02,
    -1.88134998e-01, -1.58997998e-01, 3.86523008e-01, 1.22314997e-01,
    2.09943995e-01, 3.94023001e-01, 3.59030008e-01, 2.60717005e-01,
    1.70334995e-01, 1.36829996e-02, -1.42596006e-01, -2.61380002e-02,
    -1.18779996e-02, -1.50518999e-01, 4.71590012e-02, -1.07061997e-01,
    -1.47347003e-01, -1.87689006e-01, -1.86027005e-01, -2.08048001e-01,
    5.84679991e-02, -7.30260015e-02, -2.36555994e-01, -7.97879994e-02,
    -1.46216005e-01, -5.85630015e-02, -1.01360999e-01, -7.12940022e-02,
    -7.10930005e-02, 1.16919003e-01, 2.34303996e-01, 3.06780994e-01,
    3.21866006e-01, 2.39999995e-01, 7.32610002e-02, -1.21729998e-02,
